75
102.543
28.862
152.7
107.907
157.273
174.869
110.416
79.572
147.402
66.623
38.495
33.801
30.019
17.178
164.646
96.411
168.635
17.312
179.193
4.815
33.422
78.294
42.403
80.463
94.466
176.564
68.958
199.217
198.654
188.881
101.098
3.073
174.617
113.873
189.021
155.842
58.903
76.781
62.664
7.605
26.243
179.26
84.737
76.613
67.644
13.597
138.053
22.73
165.012
91.89
58.962
28.147
11.027
71.286
13.732
130.343
71.014
60.674
62.892
2.875
100.896
102.078
17.302
138.977
8.09
104.868
73.784
70.861
69.356
12.679
176.658
77.502
185.975
123.852
164.356
